1 0.996917 0.987688 0.97237 0.951057 0.92388 0.891007 0.85264 0.809017 0.760406 0.707107 0.649448 0.587785 0.522499 0.45399 0.382683 0.309017 0.233445 0.156434 0.0784591 4.48966e-11 -0.0784591 -0.156434 -0.233445 -0.309017 -0.382683 -0.45399 -0.522499 -0.587785 -0.649448 -0.707107 -0.760406 -0.809017 -0.85264 -0.891007 -0.92388 -0.951057 -0.97237 -0.987688 -0.996917 
0.991701 0.999181 0.994258 0.983207 0.966099 0.943039 0.914172 0.879676 0.839766 0.794688 0.744723 0.690179 0.631394 0.568731 0.502579 0.433346 0.361461 0.287368 0.211525 0.134401 0.0564727 -0.021778 -0.0998676 -0.177313 -0.253636 -0.328364 -0.401036 -0.471202 -0.538427 -0.602298 -0.662418 -0.718415 -0.769943 -0.816683 -0.858346 -0.894673 -0.925439 -0.950453 -0.969559 -0.98264 
0.983471 0.994472 0.998026 0.991269 0.978407 0.959523 0.934736 0.904201 0.868109 0.826684 0.780186 0.728903 0.673153 0.613284 0.549667 0.482696 0.412788 0.340375 0.265907 0.189845 0.112661 0.0348336 -0.0431551 -0.120822 -0.197685 -0.273268 -0.347102 -0.41873 -0.487707 -0.553606 -0.616018 -0.674556 -0.728855 -0.778579 -0.823418 -0.863093 -0.897358 -0.925999 -0.948835 -0.965725 
0.97531 0.987486 0.996212 0.996537 0.987954 0.973293 0.95265 0.926155 0.893976 0.856315 0.813407 0.765522 0.712958 0.656044 0.595134 0.530607 0.462865 0.39233 0.319441 0.24465 0.168422 0.0912324 0.0135596 -0.0641134 -0.141304 -0.217532 -0.292323 -0.365214 -0.43575 -0.503493 -0.568022 -0.628934 -0.68585 -0.738415 -0.786303 -0.829212 -0.866876 -0.899058 -0.925555 -0.946201 
0.967216 0.979785 0.99102 0.997154 0.994718 0.984317 0.96787 0.945485 0.917304 0.883505 0.844304 0.799945 0.750709 0.696904 0.638866 0.576958 0.511568 0.443104 0.371992 0.298677 0.223616 0.147276 0.0701332 -0.00733141 -0.0846352 -0.161296 -0.236837 -0.310787 -0.382684 -0.452081 -0.518544 -0.581659 -0.641031 -0.696288 -0.747086 -0.793106 -0.834059 -0.869687 -0.899765 -0.924104 
0.959189 0.971892 0.984224 0.993967 0.997453 0.99257 0.980362 0.962145 0.938036 0.90819 0.872799 0.832087 0.786311 0.73576 0.680752 0.621633 0.558773 0.492566 0.423428 0.35179 0.278101 0.202822 0.126423 0.0493811 -0.0278215 -0.104703 -0.180782 -0.255584 -0.328642 -0.399497 -0.467708 -0.532846 -0.594505 -0.652297 -0.70586 -0.754857 -0.798979 -0.837949 -0.871519 -0.899476 
0.951229 0.963979 0.976767 0.988444 0.99631 0.997214 0.990098 0.976095 0.956122 0.930309 0.898824 0.861867 0.819676 0.772516 0.720688 0.664518 0.60436 0.540593 0.473617 0.403854 0.331741 0.25773 0.182286 0.105881 0.0289941 -0.0478931 -0.124299 -0.199744 -0.273756 -0.345871 -0.415637 -0.482615 -0.546385 -0.606547 -0.662721 -0.714553 -0.761717 -0.803913 -0.840875 -0.872365 
0.943335 0.956104 0.969075 0.981701 0.992316 0.99807 0.996509 0.987306 0.971521 0.94981 0.922314 0.889213 0.85072 0.807081 0.758574 0.705506 0.648215 0.587063 0.522434 0.454738 0.3844 0.311862 0.237582 0.162026 0.0856687 0.00899004 -0.0675283 -0.143405 -0.218165 -0.291336 -0.36246 -0.431088 -0.496789 -0.559148 -0.617771 -0.67229 -0.722358 -0.767657 -0.807901 -0.84283 
0.935507 0.948286 0.961331 0.974395 0.986559 0.995762 0.999285 0.995386 0.984197 0.966645 0.943214 0.914058 0.879368 0.839368 0.794315 0.744496 0.690229 0.631859 0.569756 0.504313 0.435945 0.365082 0.292172 0.217675 0.14206 0.0658036 -0.0106133 -0.0867096 -0.162006 -0.236028 -0.308308 -0.378391 -0.445835 -0.510214 -0.571119 -0.628167 -0.680993 -0.729263 -0.772669 -0.810933 
0.927743 0.940531 0.953607 0.966866 0.979838 0.991224 0.998742 0.999999 0.993878 0.980777 0.961474 0.936343 0.905551 0.869299 0.827823 0.781389 0.730296 0.674869 0.615463 0.552456 0.486246 0.417254 0.345917 0.272687 0.198025 0.122405 0.0463035 -0.0297982 -0.105419 -0.180082 -0.253315 -0.324655 -0.393651 -0.459864 -0.522877 -0.582288 -0.63772 -0.688819 -0.73526 -0.776743 
0.920044 0.932839 0.945931 0.959276 0.972648 0.9853 0.995605 1.00124 1.00025 0.992011 0.977051 0.956013 0.929204 0.8968 0.859015 0.816095 0.768316 0.715987 0.659442 0.599044 0.535177 0.468249 0.398684 0.326924 0.253424 0.178652 0.103079 0.0271863 -0.0485469 -0.12364 -0.197618 -0.270012 -0.340362 -0.408222 -0.47316 -0.534764 -0.59264 -0.64642 -0.695758 -0.740337 
0.912409 0.925212 0.938314 0.951699 0.965261 0.978602 0.990679 0.999637 1.00327 1.00007 0.989802 0.973024 0.950271 0.921805 0.887816 0.848528 0.804196 0.755109 0.701583 0.643962 0.582616 0.517937 0.450338 0.38025 0.308118 0.234403 0.159572 0.0841012 0.00846967 -0.066842 -0.141355 -0.214597 -0.286101 -0.355412 -0.42209 -0.485709 -0.545861 -0.602164 -0.654255 -0.701798 
0.904837 0.917649 0.93076 0.944165 0.957817 0.971514 0.984641 0.995888 1.00328 1.00485 0.999497 0.987265 0.968704 0.944255 0.914156 0.878609 0.837848 0.792139 0.741781 0.687098 0.628444 0.566195 0.500751 0.432531 0.36197 0.289519 0.21564 0.140804 0.0654879 -0.00982866 -0.0846659 -0.158547 -0.231001 -0.301566 -0.369791 -0.435241 -0.497496 -0.556157 -0.610847 -0.661214 
0.897328 0.91015 0.923269 0.936687 0.950382 0.964258 0.977973 0.990682 1.00085 1.00651 1.00598 0.998545 0.984411 0.964096 0.937972 0.906265 0.869189 0.826987 0.779937 0.728345 0.672547 0.612903 0.549797 0.483636 0.414844 0.343861 0.271143 0.197153 0.122365 0.0472574 -0.0276911 -0.102001 -0.175198 -0.246814 -0.316391 -0.383483 -0.447659 -0.508508 -0.565637 -0.618677 
0.889882 0.902713 0.915842 0.92927 0.942988 0.956952 0.970982 0.98457 0.996641 1.00552 1.00932 1.0067 0.997236 0.981251 0.959207 0.931431 0.898143 0.859566 0.815956 0.767601 0.714815 0.657943 0.597354 0.533438 0.466608 0.397294 0.325941 0.253007 0.17896 0.104274 0.0294273 -0.0451 -0.118831 -0.191293 -0.26202 -0.33056 -0.396472 -0.459331 -0.518731 -0.574289 
0.882497 0.895339 0.908479 0.921915 0.935648 0.949656 0.963851 0.977942 0.991233 1.00245 1.00984 1.01171 1.00701 0.995588 0.977792 0.954046 0.92464 0.889797 0.849751 0.804768 0.755144 0.701205 0.643302 0.581813 0.517134 0.449684 0.379899 0.308227 0.23513 0.161078 0.0865472 0.0120154 -0.0620381 -0.135138 -0.206813 -0.276603 -0.344059 -0.408744 -0.470242 -0.528153 
0.875173 0.888028 0.901178 0.914624 0.928368 0.942401 0.956679 0.971048 0.985081 0.997887 1.00804 1.0138 1.01369 1.00696 0.993614 0.974043 0.948619 0.917609 0.88124 0.839757 0.793435 0.742581 0.687529 0.628639 0.566295 0.5009 0.432881 0.362675 0.290736 0.21753 0.143526 0.0692033 -0.00496073 -0.0784879 -0.150904 -0.221743 -0.290547 -0.356871 -0.420285 -0.480379 
0.867911 0.880778 0.893939 0.907396 0.92115 0.935198 0.949521 0.964038 0.978503 0.992336 1.00446 1.01336 1.01737 1.01526 1.00654 0.991327 0.970013 0.942935 0.910347 0.872482 0.829594 0.78197 0.729925 0.673802 0.613969 0.550816 0.484755 0.416215 0.34564 0.273487 0.200223 0.126321 0.0522597 -0.0214837 -0.0944323 -0.166114 -0.236066 -0.303835 -0.368981 -0.43108 
0.860708 0.873588 0.886762 0.90023 0.913994 0.928055 0.942403 0.956999 0.971707 0.98617 0.999643 1.0109 1.01838 1.02056 1.01645 1.00577 0.988736 0.965709 0.937003 0.902865 0.863533 0.819275 0.770386 0.71719 0.660038 0.599307 0.535393 0.468714 0.399704 0.328811 0.256496 0.183228 0.109481 0.0357341 -0.037536 -0.109854 -0.180751 -0.249767 -0.316453 -0.380375 
0.853565 0.86646 0.879646 0.893126 0.906901 0.920973 0.935338 0.949977 0.964819 0.979653 0.993994 1.00694 1.01714 1.02306 1.02335 1.01727 1.00468 0.985852 0.96114 0.930832 0.895171 0.854406 0.808812 0.758695 0.704389 0.646253 0.584669 0.520042 0.452794 0.383364 0.312206 0.239782 0.166562 0.093024 0.0196441 -0.0531003 -0.124736 -0.194798 -0.262829 -0.328386 
0.846482 0.859391 0.872591 0.886084 0.899871 0.913953 0.928331 0.942995 0.95791 0.972958 0.987836 1.00192 1.01416 1.02314 1.0274 1.02577 1.01772 1.00326 0.982684 0.956315 0.924431 0.887277 0.84511 0.798217 0.746913 0.691538 0.632461 0.570071 0.504778 0.437012 0.367214 0.295842 0.223361 0.150244 0.0769668 0.00400706 -0.0681596 -0.139063 -0.208239 -0.275237 
0.839457 0.852382 0.865597 0.879103 0.892902 0.906995 0.921384 0.936066 0.951022 0.96619 0.981389 0.996211 1.00989 1.02125 1.02887 1.03137 1.02781 1.01783 1.00154 0.979242 0.951243 0.91781 0.879194 0.83566 0.787505 0.735052 0.678651 0.618678 0.555529 0.48962 0.421385 0.351271 0.279738 0.207253 0.134291 0.0613274 -0.0111596 -0.0826967 -0.152816 -0.221058 
0.832491 0.845432 0.858662 0.872182 0.885994 0.9001 0.9145 0.929195 0.944176 0.959412 0.974798 0.99008 1.00473 1.01784 1.02816 1.03428 1.03497 1.02948 1.01761 0.999525 0.975534 0.945932 0.91098 0.870932 0.826067 0.776687 0.723127 0.665743 0.60492 0.541059 0.474583 0.40593 0.335552 0.263909 0.191474 0.11872 0.0461234 -0.0258386 -0.0966948 -0.16598 
0.825582 0.838541 0.851786 0.865321 0.879147 0.893265 0.907678 0.922384 0.937383 0.952658 0.968152 0.983712 0.998991 1.01334 1.02573 1.03486 1.03937 1.03821 1.0308 1.01707 0.997223 0.971569 0.940392 0.90395 0.862505 0.816343 0.765778 0.711152 0.65283 0.591203 0.526678 0.459685 0.390665 0.320074 0.248375 0.176042 0.103549 0.0313722 -0.0400129 -0.110137 
0.818731 0.831707 0.84497 0.85852 0.872361 0.886492 0.900917 0.915635 0.930648 0.945947 0.961503 0.977227 0.992902 1.00808 1.02198 1.03349 1.04129 1.04413 1.04109 1.03178 1.01622 0.994644 0.967358 0.934634 0.896732 0.853923 0.806502 0.754791 0.699142 0.639926 0.577542 0.512403 0.444942 0.375607 0.304855 0.233153 0.160975 0.0887953 0.017091 -0.0536654 
0.811936 0.824931 0.838211 0.851778 0.865634 0.879779 0.894217 0.908948 0.923973 0.939289 0.954882 0.970703 0.986619 1.00234 1.0173 1.03061 1.04109 1.04745 1.04853 1.04361 1.03243 1.01507 0.991798 0.962908 0.928667 0.889337 0.845199 0.796557 0.743741 0.687112 0.627048 0.563954 0.498249 0.430372 0.360773 0.289912 0.21826 0.14629 0.0744772 0.00329723 
0.805198 0.818212 0.831511 0.845095 0.858966 0.873127 0.887578 0.902322 0.917359 0.93269 0.948306 0.964183 0.980244 0.996302 1.01197 1.02659 1.03917 1.04849 1.05329 1.05259 1.04579 1.03275 1.01363 0.988696 0.95823 0.922501 0.881778 0.836346 0.786521 0.732643 0.675077 0.614211 0.550455 0.484235 0.415992 0.34618 0.275264 0.203715 0.132005 0.0606117 
0.798516 0.81155 0.824867 0.838469 0.852357 0.866534 0.880999 0.895757 0.910806 0.92615 0.941784 0.957696 0.973843 0.990111 1.00625 1.02178 1.03593 1.04763 1.05565 1.05882 1.05629 1.04762 1.03277 1.01192 0.985346 0.953334 0.916149 0.874064 0.827377 0.776409 0.721509 0.663052 0.601431 0.537062 0.470376 0.401819 0.331847 0.260928 0.189534 0.118138 
0.79189 0.804944 0.818281 0.831901 0.845807 0.86 0.874481 0.889252 0.904315 0.919671 0.93532 0.951255 0.967453 0.983849 1.00028 1.01643 1.0317 1.04524 1.05592 1.06254 1.06402 1.05965 1.04913 1.03248 1.00993 0.981759 0.948231 0.909621 0.86621 0.818304 0.766234 0.710357 0.651053 0.588725 0.523792 0.45669 0.38787 0.317791 0.246922 0.175735 
0.785318 0.798394 0.811751 0.825391 0.839314 0.853524 0.868021 0.882807 0.897884 0.913253 0.928915 0.944867 0.961099 0.977571 0.994187 1.01073 1.0268 1.0417 1.0545 1.06403 1.06914 1.06888 1.06267 1.05032 1.03191 1.0077 0.977944 0.94293 0.902928 0.858228 0.809142 0.756011 0.6992 0.639097 0.576108 0.510661 0.443194 0.374163 0.304029 0.233262 
0.778801 0.791899 0.805277 0.818936 0.832879 0.847106 0.86162 0.876422 0.891513 0.906896 0.922571 0.938538 0.954792 0.971312 0.98804 1.00484 1.02143 1.03732 1.05173 1.06365 1.07192 1.07545 1.07341 1.06536 1.0512 1.03106 1.00521 0.973912 0.937444 0.896084 0.85013 0.799904 0.745755 0.688055 0.627198 0.563598 0.497686 0.429906 0.360716 0.290579 
0.772338 0.785458 0.798858 0.812538 0.826501 0.840746 0.855278 0.870096 0.885202 0.900599 0.916288 0.932268 0.948539 0.96509 0.981888 0.998849 1.01579 1.03235 1.04796 1.06175 1.07265 1.07955 1.08143 1.0776 1.06772 1.05178 1.02994 1.00248 0.969672 0.931782 0.889099 0.841929 0.790604 0.73548 0.676936 0.615373 0.551211 0.484884 0.416843 0.347545 
0.765928 0.779072 0.792494 0.806196 0.820179 0.834444 0.848993 0.863828 0.878951 0.894362 0.910065 0.926059 0.942345 0.958917 0.975759 0.992819 1.00998 1.02701 1.04346 1.05866 1.0717 1.08148 1.08691 1.0871 1.08146 1.06977 1.05207 1.02857 0.999534 0.965237 0.925957 0.881987 0.83364 0.781257 0.725201 0.665859 0.603638 0.538963 0.472273 0.404021 
0.759572 0.77274 0.786185 0.799909 0.813912 0.828197 0.842766 0.857619 0.872758 0.888185 0.903902 0.91991 0.93621 0.952799 0.96967 0.986793 1.0041 1.02142 1.03846 1.05471 1.0694 1.08156 1.0901 1.09399 1.09244 1.08499 1.07151 1.05208 1.02695 0.996365 0.960616 0.919981 0.87476 0.825276 0.771877 0.714934 0.654841 0.59201 0.526872 0.45987 
0.753269 0.766462 0.77993 0.793676 0.807702 0.822007 0.836595 0.851467 0.866623 0.882067 0.897799 0.913821 0.930135 0.94674 0.963631 0.980794 0.998185 1.0157 1.03314 1.05013 1.06606 1.08012 1.09128 1.09848 1.10077 1.09746 1.08821 1.07295 1.05183 1.02509 0.99299 0.955821 0.913866 0.867432 0.816852 0.76248 0.704695 0.643898 0.580506 0.514955 
0.747018 0.760236 0.773729 0.787498 0.801546 0.815873 0.830481 0.845372 0.860547 0.876007 0.891755 0.907793 0.92412 0.940739 0.957648 0.974838 0.992286 1.00993 1.02763 1.04512 1.06197 1.07748 1.09078 1.10083 1.1066 1.10723 1.10215 1.09111 1.0741 1.05132 1.023 0.98942 0.950863 0.907624 0.860017 0.808381 0.753079 0.694499 0.633045 0.569142 
0.740818 0.754062 0.767581 0.781374 0.795445 0.809794 0.824423 0.839334 0.854527 0.870006 0.885771 0.901823 0.918166 0.934799 0.951723 0.968934 0.986418 1.00414 1.02201 1.03985 1.05733 1.07394 1.08893 1.10135 1.11019 1.11445 1.11339 1.10653 1.0937 1.07498 1.05056 1.02069 0.985665 0.945756 0.901269 0.852527 0.799877 0.743691 0.684361 0.622299 
0.73467 0.747941 0.761485 0.775304 0.789398 0.80377 0.81842 0.833351 0.848565 0.864062 0.879844 0.895913 0.912271 0.928918 0.945857 0.963085 0.980595 0.998367 1.01635 1.03441 1.05234 1.06975 1.08602 1.10036 1.1118 1.11932 1.12201 1.11923 1.11058 1.096 1.07559 1.04956 1.01818 0.981737 0.94051 0.894813 0.844977 0.791357 0.734331 0.674299 
0.728574 0.741872 0.755442 0.769286 0.783404 0.7978 0.812473 0.827425 0.842659 0.858175 0.873975 0.890062 0.906435 0.923098 0.940051 0.957294 0.974824 0.99263 1.01068 1.0289 1.04713 1.06509 1.08232 1.09816 1.11174 1.12208 1.1282 1.12928 1.12475 1.11434 1.09802 1.07594 1.04834 1.01548 0.977647 0.935139 0.88827 0.837381 0.782834 0.725015 
0.722527 0.735854 0.749451 0.763321 0.777464 0.791883 0.806579 0.821554 0.836809 0.852345 0.868164 0.884268 0.900658 0.917337 0.934304 0.951562 0.96911 0.98694 1.00504 1.02335 1.04178 1.06013 1.07806 1.09504 1.11033 1.12304 1.13218 1.13682 1.13624 1.12996 1.11779 1.09976 1.07605 1.0469 1.01259 0.973408 0.929655 0.881655 0.829755 0.774325 
0.716531 0.729886 0.743511 0.757407 0.771577 0.786021 0.80074 0.815738 0.831014 0.846571 0.862409 0.878532 0.89494 0.911634 0.928618 0.94589 0.963453 0.981303 0.99943 1.01781 1.03637 1.05498 1.0734 1.09122 1.10784 1.12248 1.13421 1.14206 1.14517 1.1429 1.13486 1.12094 1.10123 1.07591 1.04526 1.00953 0.969032 0.924072 0.87498 0.822111 
0.710585 0.723969 0.737622 0.751546 0.765742 0.780211 0.794955 0.809976 0.825274 0.840852 0.856711 0.872853 0.889279 0.905991 0.92299 0.940278 0.957856 0.975722 0.993873 1.01229 1.03094 1.04972 1.06848 1.08691 1.10454 1.12071 1.13459 1.14523 1.15171 1.15323 1.14924 1.13946 1.12382 1.10244 1.07556 1.04342 1.00631 0.964531 0.918402 0.86826 
0.704688 0.718102 0.731784 0.745736 0.759958 0.774454 0.789223 0.804267 0.819589 0.835189 0.851069 0.867231 0.883676 0.900405 0.917421 0.934725 0.952318 0.9702 0.98837 1.00682 1.02552 1.04442 1.06341 1.08226 1.10063 1.11798 1.1336 1.14661 1.15607 1.1611 1.161 1.15529 1.14376 1.12641 1.10341 1.07498 1.04139 1.00294 0.959919 0.91266 
0.69884 0.712284 0.725996 0.739976 0.754227 0.768748 0.783543 0.798613 0.813958 0.829581 0.845482 0.861665 0.878129 0.894877 0.91191 0.929231 0.946839 0.964737 0.982923 1.00139 1.02014 1.03911 1.05825 1.0774 1.0963 1.11454 1.13152 1.14648 1.15851 1.16671 1.17024 1.16847 1.16103 1.14777 1.12875 1.10414 1.0742 1.0392 0.999432 0.955208 
0.693041 0.706516 0.720258 0.734267 0.748546 0.763095 0.777916 0.793011 0.80838 0.824027 0.839951 0.856154 0.872639 0.889406 0.906458 0.923795 0.94142 0.959333 0.977535 0.996025 1.01479 1.03382 1.05306 1.07241 1.09168 1.11057 1.1286 1.14512 1.15931 1.17027 1.17712 1.17909 1.17564 1.16647 1.1515 1.13082 1.10465 1.07323 1.03685 0.995802 
0.687289 0.700796 0.714569 0.728608 0.742916 0.757493 0.772341 0.787462 0.802856 0.818526 0.834474 0.850699 0.867205 0.883992 0.901062 0.918417 0.936059 0.953988 0.972206 0.990712 1.0095 1.02857 1.04787 1.06736 1.08689 1.10625 1.12506 1.14279 1.15874 1.17206 1.18186 1.18729 1.18766 1.18251 1.17162 1.15495 1.13265 1.10494 1.07207 1.03435 
0.681586 0.695125 0.708929 0.722999 0.737336 0.751941 0.766817 0.781964 0.797385 0.81308 0.82905 0.845299 0.861826 0.878634 0.895724 0.913097 0.930756 0.948702 0.966936 0.985458 1.00427 1.02336 1.04271 1.06229 1.08199 1.10168 1.12106 1.13972 1.15706 1.17234 1.1847 1.19325 1.19721 1.19595 1.18909 1.17648 1.15814 1.13425 1.10503 1.07075 
0.675929 0.689502 0.703337 0.717438 0.731805 0.74644 0.761344 0.776519 0.791966 0.807686 0.823681 0.839953 0.856502 0.873331 0.890441 0.907834 0.925511 0.943474 0.961724 0.980262 0.999089 1.0182 1.03759 1.05722 1.07705 1.09696 1.11675 1.1361 1.15453 1.17139 1.18591 1.1972 1.20443 1.20686 1.20394 1.19537 1.18106 1.16108 1.13562 1.10492 
0.67032 0.683926 0.697794 0.711926 0.726324 0.740989 0.755922 0.771125 0.786598 0.802345 0.818365 0.83466 0.851233 0.868084 0.885215 0.902628 0.920324 0.938304 0.956571 0.975126 0.993969 1.0131 1.03251 1.05219 1.0721 1.09216 1.11223 1.13209 1.15134 1.16945 1.18574 1.19939 1.20954 1.21538 1.21623 1.21164 1.20137 1.18537 1.16377 1.13677 
0.664757 0.678397 0.692298 0.706463 0.720892 0.735588 0.75055 0.765781 0.781283 0.797056 0.813101 0.829422 0.846018 0.862892 0.880045 0.897478 0.915193 0.933192 0.951477 0.970048 0.988907 1.00805 1.02749 1.04719 1.06716 1.08732 1.1076 1.12781 1.14767 1.16675 1.18447 1.20009 1.21278 1.2217 1.22608 1.22533 1.21905 1.20708 1.18942 1.16623 
0.659241 0.672915 0.68685 0.701048 0.715509 0.730235 0.745228 0.760488 0.776018 0.791818 0.80789 0.824236 0.840857 0.857754 0.874929 0.892383 0.910119 0.928137 0.94644 0.965028 0.983904 1.00307 1.02252 1.04225 1.06225 1.08249 1.1029 1.12336 1.14367 1.16347 1.18231 1.19953 1.21439 1.22603 1.23364 1.23652 1.23414 1.22617 1.21251 1.19322 
0.65377 0.667479 0.681449 0.69568 0.710174 0.724932 0.739955 0.755245 0.770804 0.786632 0.802731 0.819103 0.835748 0.852669 0.869868 0.887344 0.905101 0.923139 0.94146 0.960067 0.978959 0.998139 1.01761 1.03736 1.05739 1.07768 1.09818 1.11882 1.13944 1.15978 1.17947 1.19798 1.21462 1.22861 1.23912 1.24537 1.2467 1.24266 1.23301 1.21768 
0.648344 0.66209 0.676094 0.690359 0.704886 0.719676 0.734731 0.750052 0.76564 0.781496 0.797623 0.814022 0.830693 0.847639 0.864861 0.88236 0.900138 0.918197 0.936538 0.955163 0.974072 0.993269 1.01275 1.03252 1.05258 1.0729 1.09347 1.11423 1.13507 1.1558 1.17614 1.19564 1.21374 1.2297 1.24274 1.25204 1.25685 1.2566 1.2509 1.23956 
0.642964 0.656746 0.670786 0.685085 0.699646 0.714469 0.729556 0.744907 0.760526 0.776411 0.792566 0.808992 0.82569 0.842661 0.859907 0.87743 0.89523 0.91331 0.931672 0.950316 0.969244 0.988457 1.00796 1.02775 1.04782 1.06817 1.08879 1.10963 1.13062 1.15163 1.17244 1.19271 1.21195 1.22955 1.24474 1.25674 1.26475 1.26809 1.26623 1.25886 
0.637628 0.651447 0.665523 0.679858 0.694453 0.709309 0.724429 0.739812 0.755461 0.771376 0.78756 0.804014 0.820739 0.837736 0.855007 0.872554 0.890377 0.908479 0.926861 0.945525 0.964472 0.983704 1.00322 1.02303 1.04312 1.06349 1.08414 1.10504 1.12614 1.14735 1.1685 1.18934 1.20947 1.22837 1.24538 1.25972 1.27059 1.27725 1.27907 1.27558 
0.632337 0.646193 0.660305 0.674676 0.689306 0.704197 0.719349 0.734765 0.750445 0.766391 0.782604 0.799087 0.815839 0.832863 0.850159 0.867731 0.885578 0.903703 0.922107 0.940791 0.959758 0.979008 0.998543 1.01836 1.03847 1.05887 1.07954 1.10048 1.12166 1.143 1.1644 1.18565 1.20646 1.2264 1.24487 1.2612 1.27459 1.28427 1.28953 1.28978 
0.627089 0.640983 0.655133 0.66954 0.684206 0.699131 0.714317 0.729765 0.745477 0.761455 0.777698 0.79421 0.81099 0.828041 0.845364 0.862961 0.880833 0.898981 0.917407 0.936113 0.955099 0.974369 0.993922 1.01376 1.03389 1.0543 1.07499 1.09597 1.11719 1.13863 1.1602 1.18176 1.20308 1.2238 1.24346 1.26143 1.27698 1.28935 1.29776 1.30155 
0.621885 0.635818 0.650005 0.664449 0.679151 0.694111 0.709332 0.724814 0.740558 0.756567 0.772841 0.789383 0.806192 0.823271 0.840621 0.858244 0.87614 0.894313 0.912762 0.931489 0.950497 0.969786 0.989359 1.00922 1.02936 1.04979 1.0705 1.0915 1.11276 1.13427 1.15596 1.17773 1.19942 1.22075 1.24133 1.26063 1.278 1.2927 1.30396 1.31104 
0.616724 0.630696 0.644922 0.659403 0.674141 0.689138 0.704393 0.719909 0.735687 0.751728 0.768034 0.784605 0.801444 0.818552 0.835929 0.853579 0.871501 0.889698 0.908171 0.926921 0.94595 0.96526 0.984852 1.00473 1.02489 1.04534 1.06607 1.08709 1.10838 1.12993 1.15171 1.17363 1.19559 1.21736 1.23865 1.25901 1.27788 1.29457 1.30833 1.3184 
0.611606 0.625618 0.639882 0.654402 0.669177 0.68421 0.6995 0.715051 0.730863 0.746937 0.763274 0.779877 0.796746 0.813883 0.831289 0.848965 0.866914 0.885136 0.903633 0.922407 0.941458 0.96079 0.980402 1.0003 1.02048 1.04094 1.06169 1.08273 1.10404 1.12563 1.14747 1.1695 1.19165 1.21375 1.23557 1.25676 1.27683 1.29518 1.3111 1.32384 
0.606531 0.620582 0.634886 0.649444 0.664257 0.679327 0.694654 0.71024 0.726085 0.742193 0.758563 0.775197 0.792097 0.809264 0.826699 0.844403 0.862379 0.880627 0.899149 0.917947 0.937021 0.956374 0.976008 0.995922 1.01612 1.0366 1.05737 1.07842 1.09976 1.12138 1.14326 1.16537 1.18765 1.20999 1.2322 1.25402 1.27504 1.29475 1.3125 1.32757 
0.601497 0.61559 0.629934 0.644531 0.659382 0.674489 0.689852 0.705474 0.721355 0.737496 0.7539 0.770566 0.787497 0.804694 0.822159 0.839892 0.857895 0.87617 0.894718 0.91354 0.932638 0.952014 0.971669 0.991604 1.01182 1.03232 1.05311 1.07418 1.09554 1.11718 1.13909 1.16125 1.18363 1.20614 1.22864 1.25093 1.2727 1.29349 1.31275 1.32981 
0.596506 0.610639 0.625024 0.63966 0.654551 0.669695 0.685096 0.700754 0.71667 0.732846 0.749283 0.765983 0.782946 0.800174 0.817669 0.835431 0.853462 0.871764 0.890338 0.909186 0.928309 0.947708 0.967385 0.987342 1.00758 1.0281 1.0489 1.06999 1.09137 1.11303 1.13497 1.15717 1.17961 1.20224 1.22496 1.2476 1.26992 1.29157 1.31206 1.3308 
0.591555 0.605731 0.620156 0.634833 0.649763 0.664946 0.680385 0.696079 0.712032 0.728243 0.744714 0.761447 0.778443 0.795703 0.813228 0.83102 0.84908 0.86741 0.886011 0.904885 0.924033 0.943456 0.963156 0.983135 1.00339 1.02393 1.04476 1.06586 1.08726 1.10894 1.1309 1.15313 1.17562 1.19834 1.2212 1.2441 1.26685 1.28915 1.31062 1.33074 
0.586646 0.600864 0.615331 0.630048 0.645018 0.660241 0.675717 0.69145 0.707439 0.723686 0.740192 0.756959 0.773987 0.791279 0.808836 0.826658 0.844748 0.863107 0.881736 0.900636 0.919809 0.939257 0.958981 0.978982 0.999262 1.01982 1.04067 1.06179 1.0832 1.1049 1.12688 1.14914 1.17167 1.19445 1.21742 1.2405 1.26356 1.28637 1.3086 1.32983 
0.581778 0.596038 0.610547 0.625306 0.640316 0.655578 0.671094 0.686864 0.70289 0.719174 0.735715 0.752517 0.769579 0.786904 0.804493 0.822346 0.840466 0.858854 0.877511 0.896438 0.915638 0.935111 0.954859 0.974884 0.995187 1.01577 1.03663 1.05778 1.07921 1.10092 1.12292 1.1452 1.16776 1.19058 1.21363 1.23685 1.26013 1.28331 1.30614 1.32825 
0.57695 0.591253 0.605805 0.620606 0.635657 0.650959 0.666514 0.682323 0.698387 0.714707 0.731285 0.748121 0.765218 0.782576 0.800198 0.818083 0.836233 0.854651 0.873337 0.892292 0.911519 0.931018 0.950791 0.97084 0.991165 1.01177 1.03265 1.05382 1.07527 1.097 1.11902 1.14132 1.1639 1.18676 1.20986 1.23318 1.25662 1.28008 1.30335 1.32615 
0.572162 0.586509 0.601104 0.615947 0.631039 0.646382 0.661977 0.677825 0.693927 0.710285 0.7269 0.743772 0.760904 0.778296 0.79595 0.813868 0.83205 0.850498 0.869213 0.888197 0.907451 0.926977 0.946776 0.966849 0.987198 1.00783 1.02873 1.04992 1.07139 1.09314 1.11517 1.1375 1.1601 1.18298 1.20613 1.22951 1.25308 1.27674 1.30034 1.32366 
0.567414 0.581805 0.596444 0.611329 0.626464 0.641848 0.657484 0.673371 0.689512 0.705908 0.722559 0.739468 0.756635 0.774062 0.79175 0.8097 0.827914 0.846393 0.865139 0.884152 0.903434 0.922987 0.942813 0.962911 0.983285 1.00394 1.02486 1.04607 1.06756 1.08933 1.11139 1.13373 1.15635 1.17925 1.20243 1.22586 1.24952 1.27332 1.29717 1.32089 
0.562705 0.577141 0.591824 0.606753 0.62193 0.637356 0.653032 0.66896 0.68514 0.701575 0.718264 0.73521 0.752413 0.769875 0.787597 0.805581 0.823827 0.842338 0.861114 0.880157 0.899468 0.919049 0.938901 0.959026 0.979425 1.0001 1.02105 1.04228 1.06379 1.08558 1.10765 1.13001 1.15266 1.17558 1.19879 1.22226 1.24597 1.26988 1.29391 1.31793 
0.558035 0.572517 0.587244 0.602217 0.617437 0.632905 0.648623 0.664591 0.680812 0.697285 0.714013 0.730996 0.748236 0.765733 0.783491 0.801508 0.819788 0.838331 0.857138 0.876212 0.895553 0.915162 0.935042 0.955193 0.975617 0.996316 1.01729 1.03854 1.06007 1.08189 1.10398 1.12636 1.14902 1.17196 1.19519 1.21869 1.24245 1.26644 1.2906 1.31483 
0.553404 0.567932 0.582704 0.597721 0.612985 0.628496 0.644256 0.660265 0.676526 0.693039 0.709805 0.726826 0.744104 0.761638 0.77943 0.797483 0.815796 0.834372 0.853211 0.872316 0.891686 0.911325 0.931233 0.951412 0.971862 0.992586 1.01359 1.03486 1.05641 1.07825 1.10036 1.12276 1.14544 1.1684 1.19165 1.21518 1.23897 1.26302 1.28727 1.31166 
0.548812 0.563386 0.578203 0.593265 0.608573 0.624127 0.63993 0.655981 0.672283 0.688836 0.705642 0.722701 0.740016 0.757587 0.775416 0.793503 0.811851 0.83046 0.849332 0.868468 0.88787 0.907538 0.927475 0.947681 0.968159 0.988909 1.00993 1.03123 1.05281 1.07466 1.0968 1.11922 1.14192 1.1649 1.18817 1.21172 1.23554 1.25963 1.28395 1.30846 
0.544257 0.558878 0.573741 0.588849 0.604201 0.619799 0.635645 0.651738 0.668082 0.684675 0.701521 0.71862 0.735973 0.753581 0.771447 0.78957 0.807953 0.826596 0.845501 0.864669 0.884102 0.903801 0.923767 0.944002 0.964507 0.985284 1.00633 1.02766 1.04926 1.07114 1.09329 1.11573 1.13845 1.16145 1.18474 1.20831 1.23216 1.25628 1.28065 1.30524 
0.539741 0.554409 0.569319 0.584472 0.599869 0.615512 0.6314 0.647537 0.663922 0.680557 0.697443 0.714582 0.731974 0.74962 0.767523 0.785682 0.8041 0.822778 0.841717 0.860918 0.880383 0.900113 0.920109 0.940373 0.960907 0.981711 1.00279 1.02414 1.04576 1.06766 1.08984 1.1123 1.13504 1.15806 1.18137 1.20496 1.22883 1.25298 1.27739 1.30204 
0.535261 0.549977 0.564934 0.580133 0.595576 0.611264 0.627197 0.643377 0.659804 0.676481 0.693408 0.710587 0.728018 0.745703 0.763643 0.78184 0.800294 0.819007 0.83798 0.857214 0.876712 0.896473 0.9165 0.936794 0.957357 0.978189 0.999292 1.02067 1.04232 1.06424 1.08644 1.10892 1.13169 1.15473 1.17805 1.20166 1.22555 1.24972 1.27417 1.29887 
0.530819 0.545583 0.560588 0.575834 0.591323 0.607055 0.623033 0.639257 0.655727 0.672447 0.689415 0.706634 0.724106 0.74183 0.759808 0.778042 0.796533 0.815281 0.834289 0.853558 0.873089 0.892882 0.912941 0.933265 0.953857 0.974717 0.995848 1.01725 1.03893 1.06088 1.0831 1.1056 1.12839 1.15145 1.17479 1.19842 1.22233 1.24653 1.271 1.29574 
0.526414 0.541227 0.556279 0.571573 0.587108 0.602886 0.618909 0.635177 0.651691 0.668453 0.685464 0.702724 0.720236 0.738 0.756017 0.774289 0.792817 0.811602 0.830645 0.849948 0.869513 0.889339 0.90943 0.929785 0.950407 0.971296 0.992455 1.01388 1.03559 1.05756 1.07981 1.10234 1.12514 1.14823 1.17159 1.19524 1.21917 1.24338 1.26788 1.29265 
0.522046 0.536907 0.552008 0.567349 0.582932 0.598756 0.614825 0.631137 0.647696 0.664501 0.681554 0.698856 0.716409 0.734213 0.752269 0.77058 0.789145 0.807967 0.827047 0.846385 0.865984 0.885844 0.905967 0.926354 0.947006 0.967926 0.989113 1.01057 1.0323 1.0543 1.07658 1.09913 1.12195 1.14506 1.16845 1.19211 1.21606 1.2403 1.26481 1.28961 
0.517713 0.532625 0.547774 0.563164 0.578793 0.594665 0.610779 0.627137 0.64374 0.660589 0.677685 0.69503 0.712624 0.730468 0.748565 0.766914 0.785518 0.804378 0.823494 0.842868 0.862501 0.882395 0.902551 0.922971 0.943654 0.964604 0.985821 1.00731 1.02906 1.05109 1.07339 1.09597 1.11882 1.14195 1.16536 1.18904 1.21301 1.23727 1.2618 1.28662 
0.513417 0.528378 0.543577 0.559015 0.574693 0.590612 0.606772 0.623176 0.639824 0.656718 0.673857 0.691245 0.708881 0.726766 0.744903 0.763293 0.781935 0.800833 0.819986 0.839396 0.859065 0.878994 0.899183 0.919636 0.940351 0.961332 0.982579 1.00409 1.02588 1.04793 1.07026 1.09286 1.11574 1.13889 1.16232 1.18603 1.21002 1.23429 1.25885 1.28368 
0.509156 0.524168 0.539417 0.554904 0.57063 0.586596 0.602804 0.619254 0.635948 0.652886 0.67007 0.6875 0.705179 0.723106 0.741284 0.759714 0.778396 0.797332 0.816523 0.83597 0.855675 0.875639 0.895863 0.916348 0.937096 0.958109 0.979387 1.00093 1.02274 1.04483 1.06718 1.08981 1.11271 1.13589 1.15934 1.18307 1.20708 1.23137 1.25595 1.28081 
0.504931 0.519994 0.535293 0.550829 0.566604 0.582619 0.598874 0.615371 0.63211 0.649094 0.666322 0.683797 0.701518 0.719488 0.737707 0.756177 0.774899 0.793874 0.813104 0.832588 0.85233 0.872329 0.892588 0.913108 0.933889 0.954934 0.976243 0.997818 1.01966 1.04177 1.06415 1.08681 1.10973 1.13293 1.15641 1.18017 1.2042 1.22851 1.25311 1.27799 
0.500741 0.515855 0.531204 0.546791 0.562615 0.578679 0.594982 0.611526 0.628312 0.645341 0.662614 0.680133 0.697898 0.715911 0.734172 0.752684 0.771446 0.79046 0.809728 0.829251 0.84903 0.869066 0.88936 0.909914 0.930729 0.951807 0.973148 0.994754 1.01663 1.03877 1.06118 1.08386 1.10681 1.13004 1.15354 1.17732 1.20137 1.22571 1.25032 1.27522 
0.496585 0.511751 0.527152 0.542789 0.558663 0.574775 0.591127 0.607719 0.624552 0.641627 0.658946 0.676509 0.694319 0.712375 0.730679 0.749232 0.768035 0.78709 0.806397 0.825958 0.845775 0.865847 0.886178 0.906767 0.927616 0.948727 0.970101 0.991739 1.01364 1.03581 1.05825 1.08096 1.10394 1.12719 1.15072 1.17452 1.1986 1.22295 1.24759 1.27251 
0.492464 0.507682 0.523135 0.538823 0.554747 0.570909 0.587309 0.603949 0.62083 0.637952 0.655317 0.672925 0.690779 0.708879 0.727226 0.745821 0.764666 0.783761 0.803109 0.822709 0.842564 0.862674 0.883041 0.903666 0.92455 0.945695 0.967102 0.988772 1.01071 1.03291 1.05538 1.07811 1.10112 1.1244 1.14795 1.17178 1.19588 1.22026 1.24492 1.26986 
0.488377 0.503648 0.519152 0.534892 0.550867 0.567079 0.583528 0.600217 0.617145 0.634315 0.651726 0.669381 0.68728 0.705424 0.723814 0.742452 0.761339 0.780476 0.799863 0.819503 0.839397 0.859545 0.879949 0.90061 0.92153 0.94271 0.96415 0.985853 1.00782 1.03005 1.05255 1.07532 1.09835 1.12166 1.14523 1.16909 1.19321 1.21762 1.2423 1.26726 
0.484325 0.499648 0.515205 0.530996 0.547022 0.563285 0.579784 0.596522 0.613499 0.630716 0.648174 0.665875 0.683819 0.702008 0.720443 0.739124 0.758053 0.777232 0.79666 0.816341 0.836273 0.85646 0.876902 0.8976 0.918556 0.93977 0.961245 0.982982 1.00498 1.02724 1.04977 1.07257 1.09563 1.11897 1.14257 1.16645 1.1906 1.21503 1.23973 1.26471 
0.480305 0.495682 0.511292 0.527135 0.543213 0.559526 0.576076 0.592863 0.609889 0.627154 0.64466 0.662408 0.680398 0.698632 0.717111 0.735836 0.754809 0.774029 0.7935 0.81322 0.833193 0.853419 0.873899 0.894635 0.915627 0.936877 0.958387 0.980157 1.00219 1.02449 1.04705 1.06987 1.09297 1.11633 1.13996 1.16386 1.18804 1.21249 1.23722 1.26223 
0.476319 0.49175 0.507413 0.523309 0.539439 0.555804 0.572404 0.589241 0.606316 0.62363 0.641184 0.658979 0.677016 0.695296 0.71382 0.732589 0.751605 0.770868 0.790381 0.810143 0.830156 0.850421 0.87094 0.891714 0.912743 0.93403 0.955575 0.97738 0.999446 1.02177 1.04437 1.06722 1.09035 1.11374 1.1374 1.16133 1.18553 1.21001 1.23476 1.25979 
0.472367 0.487852 0.503569 0.519518 0.5357 0.552116 0.568768 0.585655 0.60278 0.620143 0.637745 0.655588 0.673672 0.691998 0.710567 0.729382 0.748442 0.767748 0.787303 0.807107 0.827161 0.847466 0.868025 0.888837 0.909904 0.931228 0.952809 0.974649 0.996749 1.01911 1.04174 1.06462 1.08778 1.1112 1.13489 1.15885 1.18308 1.20758 1.23236 1.25741 
0.468447 0.483987 0.499758 0.51576 0.531995 0.548464 0.565167 0.582105 0.59928 0.616693 0.634344 0.652235 0.670366 0.688739 0.707354 0.726214 0.745318 0.764669 0.784267 0.804113 0.824208 0.844554 0.865153 0.886004 0.907109 0.92847 0.950088 0.971964 0.994099 1.01649 1.03915 1.06207 1.08526 1.10871 1.13243 1.15642 1.18068 1.20521 1.23001 1.25509 
0.464559 0.480154 0.49598 0.512036 0.528324 0.544846 0.561601 0.578591 0.595816 0.613279 0.630979 0.648919 0.667098 0.685518 0.70418 0.723085 0.742235 0.76163 0.781271 0.80116 0.821297 0.841685 0.862323 0.883214 0.904358 0.925757 0.947412 0.969324 0.991495 1.01393 1.03662 1.05957 1.08279 1.10627 1.13002 1.15404 1.17832 1.20288 1.22771 1.25281 
0.460704 0.476355 0.492235 0.508346 0.524688 0.541262 0.55807 0.575111 0.592388 0.609901 0.627651 0.64564 0.663867 0.682335 0.701044 0.719996 0.739191 0.75863 0.778316 0.798248 0.818428 0.838857 0.859536 0.880467 0.901651 0.923089 0.944781 0.96673 0.988937 1.0114 1.03413 1.05712 1.08037 1.10388 1.12766 1.15171 1.17602 1.20061 1.22546 1.25059 
0.456881 0.472587 0.488523 0.504689 0.521085 0.537713 0.554573 0.571667 0.588995 0.606559 0.624359 0.642397 0.660674 0.67919 0.697946 0.716945 0.736186 0.755671 0.7754 0.795376 0.815599 0.836071 0.856792 0.877763 0.898987 0.920464 0.942194 0.964181 0.986424 1.00893 1.03169 1.05471 1.07799 1.10154 1.12535 1.14943 1.17377 1.19838 1.22327 1.24842 
0.453089 0.468852 0.484844 0.501064 0.517515 0.534197 0.55111 0.568257 0.585637 0.603253 0.621104 0.639192 0.657517 0.676082 0.694886 0.713932 0.733219 0.75275 0.772525 0.792545 0.812812 0.833326 0.854089 0.875102 0.896366 0.917882 0.939652 0.961676 0.983956 1.00649 1.02929 1.05235 1.07566 1.09924 1.12309 1.14719 1.17157 1.19621 1.22112 1.2463 
0.449329 0.465149 0.481197 0.497473 0.513979 0.530715 0.547682 0.564882 0.582314 0.599981 0.617884 0.636022 0.654397 0.673011 0.691864 0.710957 0.730292 0.749869 0.769689 0.789754 0.810065 0.830622 0.851428 0.872482 0.893787 0.915343 0.937152 0.959215 0.981533 1.00411 1.02694 1.05003 1.07338 1.09699 1.12087 1.14501 1.16942 1.19409 1.21903 1.24424 
0.4456 0.461477 0.477582 0.493914 0.510475 0.527266 0.544287 0.56154 0.579026 0.596745 0.614699 0.632888 0.651314 0.669977 0.688879 0.70802 0.727402 0.747026 0.766892 0.787002 0.807357 0.827959 0.848807 0.869904 0.89125 0.912847 0.934696 0.956798 0.979155 1.00177 1.02464 1.04776 1.07115 1.09479 1.1187 1.14288 1.16731 1.19201 1.21698 1.24222 
0.441902 0.457837 0.473998 0.490387 0.507004 0.523849 0.540925 0.558233 0.575771 0.593543 0.611549 0.62979 0.648266 0.666979 0.68593 0.70512 0.72455 0.744221 0.764134 0.78429 0.80469 0.825336 0.846228 0.867367 0.888756 0.910394 0.932283 0.954425 0.97682 0.99947 1.02238 1.04554 1.06896 1.09264 1.11658 1.14079 1.16526 1.18999 1.21499 1.24026 
0.438235 0.454228 0.470446 0.486892 0.503565 0.520466 0.537597 0.554958 0.572551 0.590376 0.608434 0.626726 0.645254 0.664018 0.683018 0.702257 0.721736 0.741454 0.761414 0.781616 0.802062 0.822753 0.843689 0.864871 0.886302 0.907982 0.929913 0.952094 0.974529 0.997217 1.02016 1.04336 1.06682 1.09053 1.11451 1.13875 1.16325 1.18802 1.21305 1.23834 
0.434598 0.450649 0.466926 0.483428 0.500158 0.517115 0.534301 0.551717 0.569364 0.587243 0.605354 0.623698 0.642277 0.661092 0.680143 0.699431 0.718959 0.738725 0.758733 0.778982 0.799473 0.820209 0.84119 0.862416 0.88389 0.905612 0.927584 0.949806 0.972281 0.995008 1.01799 1.04123 1.06472 1.08847 1.11248 1.13676 1.16129 1.18609 1.21115 1.23648 
0.430992 0.447101 0.463436 0.479996 0.496782 0.513796 0.531038 0.54851 0.566211 0.584143 0.602307 0.620705 0.639336 0.658202 0.677303 0.696642 0.716218 0.736034 0.756089 0.776385 0.796923 0.817705 0.83873 0.860001 0.881519 0.903284 0.925297 0.947561 0.970076 0.992843 1.01586 1.03914 1.06267 1.08646 1.1105 1.13481 1.15938 1.18421 1.2093 1.23466 
0.427415 0.443584 0.459977 0.476595 0.493439 0.510509 0.527807 0.545334 0.563091 0.581077 0.599295 0.617745 0.636429 0.655347 0.674499 0.693888 0.713515 0.733379 0.753483 0.773826 0.794412 0.815239 0.83631 0.857626 0.879188 0.900996 0.923052 0.945357 0.967913 0.99072 1.01378 1.03709 1.06066 1.08449 1.10857 1.13291 1.15751 1.18238 1.2075 1.2329 
0.423868 0.440096 0.456548 0.473224 0.490126 0.507254 0.524609 0.542191 0.560003 0.578044 0.596317 0.61482 0.633557 0.652526 0.671731 0.691171 0.710847 0.730761 0.750913 0.771306 0.791938 0.812813 0.83393 0.855291 0.876897 0.898749 0.920848 0.943195 0.965793 0.98864 1.01174 1.03509 1.0587 1.08256 1.10668 1.13106 1.1557 1.18059 1.20575 1.23118 
0.42035 0.436638 0.45315 0.469885 0.486844 0.50403 0.521441 0.539081 0.556948 0.575045 0.593371 0.611929 0.630718 0.649741 0.668997 0.688489 0.708216 0.72818 0.748381 0.768822 0.789503 0.810424 0.831588 0.852994 0.874645 0.896542 0.918684 0.941075 0.963714 0.986603 1.00974 1.03314 1.05678 1.08068 1.10484 1.12925 1.15392 1.17886 1.20405 1.22951 
0.416862 0.43321 0.449781 0.466575 0.483593 0.500837 0.518306 0.536002 0.553925 0.572077 0.590459 0.609071 0.627914 0.64699 0.666299 0.685842 0.70562 0.725634 0.745886 0.766375 0.787104 0.808074 0.829284 0.850737 0.872434 0.894375 0.916562 0.938995 0.961677 0.984608 1.00779 1.03122 1.05491 1.07885 1.10304 1.12749 1.1522 1.17717 1.20239 1.22788 
0.413403 0.429811 0.446442 0.463296 0.480373 0.497674 0.515201 0.532954 0.550935 0.569143 0.58758 0.606246 0.625144 0.644273 0.663634 0.68323 0.703059 0.723125 0.743426 0.763966 0.784743 0.805761 0.827019 0.848518 0.870261 0.892247 0.914479 0.936956 0.959681 0.982654 1.00588 1.02935 1.05307 1.07705 1.10129 1.12577 1.15052 1.17552 1.20078 1.22631 
0.409972 0.426442 0.443133 0.460046 0.477183 0.494543 0.512128 0.529939 0.547976 0.56624 0.584733 0.603455 0.622407 0.64159 0.661004 0.680652 0.700534 0.720651 0.741003 0.761592 0.782419 0.803485 0.824791 0.846338 0.868127 0.890159 0.912436 0.934957 0.957725 0.980741 1.00401 1.02752 1.05129 1.0753 1.09957 1.1241 1.14888 1.17392 1.19922 1.22478 
0.40657 0.423101 0.439853 0.456826 0.474022 0.491442 0.509085 0.526954 0.545048 0.563369 0.581918 0.600696 0.619703 0.63894 0.658408 0.678109 0.698043 0.718212 0.738615 0.759255 0.780132 0.801247 0.822601 0.844196 0.866032 0.88811 0.910432 0.932998 0.955811 0.97887 1.00218 1.02573 1.04954 1.0736 1.09791 1.12247 1.14729 1.17237 1.1977 1.22329 
0.403196 0.419788 0.436601 0.453635 0.470892 0.48837 0.506073 0.524 0.542152 0.56053 0.579136 0.597969 0.617031 0.636323 0.655846 0.6756 0.695587 0.715808 0.736263 0.756953 0.777881 0.799045 0.820448 0.842091 0.863974 0.886099 0.908467 0.931079 0.953936 0.977039 1.00039 1.02399 1.04783 1.07193 1.09628 1.12089 1.14575 1.17086 1.19623 1.22186 
0.39985 0.416504 0.433379 0.450474 0.46779 0.485329 0.503091 0.521076 0.539286 0.557722 0.576385 0.595275 0.614393 0.63374 0.653317 0.673125 0.693165 0.713439 0.733946 0.754688 0.775665 0.79688 0.818332 0.840024 0.861955 0.884127 0.906542 0.929199 0.952101 0.975248 0.998641 1.02228 1.04617 1.07031 1.0947 1.11935 1.14424 1.16939 1.1948 1.22047 
0.396531 0.413248 0.430185 0.447341 0.464718 0.482317 0.500138 0.518183 0.536452 0.554946 0.573665 0.592612 0.611786 0.631189 0.650821 0.670684 0.690778 0.711104 0.731663 0.752457 0.773486 0.794751 0.816253 0.837993 0.859973 0.882193 0.904654 0.927358 0.950305 0.973497 0.996934 1.02062 1.04455 1.06873 1.09316 1.11785 1.14278 1.16797 1.19342 1.21912 
0.393241 0.41002 0.427019 0.444237 0.461675 0.479334 0.497216 0.51532 0.533648 0.5522 0.570977 0.589981 0.609212 0.62867 0.648358 0.668275 0.688423 0.708803 0.729415 0.750261 0.771341 0.792657 0.81421 0.836 0.858028 0.880296 0.902805 0.925555 0.948549 0.971786 0.995268 1.019 1.04297 1.0672 1.09167 1.11639 1.14137 1.1666 1.19208 1.21782 
0.389977 0.40682 0.423881 0.441161 0.458661 0.476381 0.494323 0.512487 0.530874 0.549484 0.56832 0.587381 0.606669 0.626184 0.645927 0.6659 0.686102 0.706536 0.727201 0.7481 0.769232 0.7906 0.812203 0.834042 0.85612 0.878437 0.900994 0.923791 0.946831 0.970114 0.993641 1.01741 1.04143 1.0657 1.09021 1.11498 1.14 1.16526 1.19079 1.21656 
0.386741 0.403647 0.420771 0.438113 0.455675 0.473456 0.491459 0.509683 0.528129 0.546799 0.565694 0.584813 0.604158 0.623729 0.643529 0.663557 0.683815 0.704302 0.725022 0.745973 0.767158 0.788577 0.810231 0.832121 0.854249 0.876615 0.89922 0.922065 0.945152 0.968481 0.992053 1.01587 1.03993 1.06424 1.0888 1.11361 1.13867 1.16397 1.18954 1.21535 
0.383532 0.400501 0.417688 0.435093 0.452717 0.47056 0.488624 0.506908 0.525415 0.544144 0.563097 0.582275 0.601678 0.621307 0.641163 0.661247 0.68156 0.702102 0.722876 0.743881 0.765118 0.786589 0.808295 0.830236 0.852414 0.874829 0.897483 0.920377 0.943511 0.966886 0.990505 1.01437 1.03847 1.06283 1.08743 1.11228 1.13738 1.16273 1.18833 1.21418 
0.380349 0.397383 0.414633 0.432101 0.449787 0.467693 0.485818 0.504163 0.52273 0.541519 0.560532 0.579768 0.599229 0.618915 0.638828 0.658968 0.679337 0.699935 0.720763 0.741822 0.763112 0.784636 0.806394 0.828387 0.850615 0.87308 0.895783 0.918725 0.941907 0.96533 0.988995 1.0129 1.03706 1.06145 1.0861 1.11099 1.13613 1.16152 1.18716 1.21306 
0.377192 0.394291 0.411605 0.429136 0.446885 0.464853 0.48304 0.501447 0.520074 0.538924 0.557996 0.577291 0.59681 0.616555 0.636525 0.656722 0.677147 0.6978 0.718683 0.739796 0.761141 0.782718 0.804528 0.826572 0.848852 0.871367 0.89412 0.917111 0.940342 0.963812 0.987524 1.01148 1.03568 1.06012 1.08481 1.10974 1.13493 1.16036 1.18604 1.21197 
0.374062 0.391225 0.408604 0.426199 0.444011 0.462041 0.48029 0.498759 0.517448 0.536357 0.555489 0.574844 0.594422 0.614225 0.634253 0.654507 0.674989 0.695698 0.716636 0.737804 0.759203 0.780833 0.802696 0.824792 0.847124 0.86969 0.892493 0.915534 0.938813 0.962332 0.986091 1.01009 1.03434 1.05882 1.08356 1.10854 1.13376 1.15924 1.18496 1.21094 
0.370958 0.388186 0.405629 0.423288 0.441164 0.459257 0.477569 0.496099 0.514849 0.53382 0.553013 0.572427 0.592065 0.611926 0.632012 0.652324 0.672862 0.693628 0.714622 0.735845 0.757298 0.778982 0.800898 0.823048 0.845431 0.868048 0.890902 0.913993 0.937321 0.960889 0.984696 1.00874 1.03303 1.05757 1.08235 1.10737 1.13264 1.15816 1.18392 1.20994 
